   929         0.00       0.00
 15000.000	  5000.000	  9000.000	    48.000
 16000.000	  5000.000	  9000.000	    48.000
 17000.000	  5000.000	  9000.000	    48.000
 18000.000	  5000.000	  9000.000	    48.000
 19000.000	  5000.000	  9000.000	    48.000
  5000.000	  6000.000	  9000.000	    48.000
  6000.000	  6000.000	  9000.000	    48.000
  7000.000	  6000.000	  9000.000	    48.000
  8000.000	  6000.000	  9000.000	    48.000
  9000.000	  6000.000	  9000.000	    48.000
 10000.000	  6000.000	  9000.000	    48.000
 11000.000	  6000.000	  9000.000	    48.000
 12000.000	  6000.000	  9000.000	    48.000
 13000.000	  6000.000	  9000.000	    48.000
 14000.000	  6000.000	  9000.000	    48.000
 15000.000	  6000.000	  9000.000	    48.000
 16000.000	  6000.000	  9000.000	    48.000
 17000.000	  6000.000	  9000.000	    48.000
 18000.000	  6000.000	  9000.000	    48.000
 19000.000	  6000.000	  9000.000	    48.000
 20000.000	  6000.000	  9000.000	    48.000
  5000.000	  7000.000	  9000.000	    48.000
  6000.000	  7000.000	  9000.000	    48.000
  7000.000	  7000.000	  9000.000	    48.000
  8000.000	  7000.000	  9000.000	    48.000
  9000.000	  7000.000	  9000.000	    48.000
 10000.000	  7000.000	  9000.000	    48.000
 11000.000	  7000.000	  9000.000	    48.000
 12000.000	  7000.000	  9000.000	    48.000
 13000.000	  7000.000	  9000.000	    48.000
 14000.000	  7000.000	  9000.000	    48.000
 15000.000	  7000.000	  9000.000	    48.000
 16000.000	  7000.000	  9000.000	    48.000
 17000.000	  7000.000	  9000.000	    48.000
 18000.000	  7000.000	  9000.000	    48.000
 19000.000	  7000.000	  9000.000	    48.000
 20000.000	  7000.000	  9000.000	    48.000
 21000.000	  7000.000	  9000.000	    48.000
  5000.000	  8000.000	  9000.000	    48.000
  6000.000	  8000.000	  9000.000	    48.000
  7000.000	  8000.000	  9000.000	    48.000
  8000.000	  8000.000	  9000.000	    48.000
  9000.000	  8000.000	  9000.000	    48.000
 10000.000	  8000.000	  9000.000	    48.000
 11000.000	  8000.000	  9000.000	    48.000
 12000.000	  8000.000	  9000.000	    48.000
 13000.000	  8000.000	  9000.000	    48.000
 14000.000	  8000.000	  9000.000	    48.000
 15000.000	  8000.000	  9000.000	    48.000
 16000.000	  8000.000	  9000.000	    48.000
 17000.000	  8000.000	  9000.000	    48.000
 18000.000	  8000.000	  9000.000	    48.000
 19000.000	  8000.000	  9000.000	    48.000
 20000.000	  8000.000	  9000.000	    48.000
 21000.000	  8000.000	  9000.000	    48.000
 22000.000	  8000.000	  9000.000	    48.000
  5000.000	  9000.000	  9000.000	    48.000
  6000.000	  9000.000	  9000.000	    48.000
  7000.000	  9000.000	  9000.000	    48.000
  8000.000	  9000.000	  9000.000	    48.000
  9000.000	  9000.000	  9000.000	    48.000
 10000.000	  9000.000	  9000.000	    48.000
 11000.000	  9000.000	  9000.000	    48.000
 12000.000	  9000.000	  9000.000	    48.000
 13000.000	  9000.000	  9000.000	    48.000
 14000.000	  9000.000	  9000.000	    48.000
 15000.000	  9000.000	  9000.000	    48.000
 16000.000	  9000.000	  9000.000	    48.000
 17000.000	  9000.000	  9000.000	    48.000
 18000.000	  9000.000	  9000.000	    48.000
 19000.000	  9000.000	  9000.000	    48.000
 20000.000	  9000.000	  9000.000	    48.000
 21000.000	  9000.000	  9000.000	    48.000
 22000.000	  9000.000	  9000.000	    48.000
 23000.000	  9000.000	  9000.000	    48.000
  5000.000	 10000.000	  9000.000	    48.000
  6000.000	 10000.000	  9000.000	    48.000
  7000.000	 10000.000	  9000.000	    48.000
  8000.000	 10000.000	  9000.000	    48.000
  9000.000	 10000.000	  9000.000	    48.000
 10000.000	 10000.000	  9000.000	    48.000
 11000.000	 10000.000	  9000.000	    48.000
 12000.000	 10000.000	  9000.000	    48.000
 13000.000	 10000.000	  9000.000	    48.000
 14000.000	 10000.000	  9000.000	    48.000
 15000.000	 10000.000	  9000.000	    48.000
 16000.000	 10000.000	  9000.000	    48.000
 17000.000	 10000.000	  9000.000	    48.000
 18000.000	 10000.000	  9000.000	    48.000
 19000.000	 10000.000	  9000.000	    48.000
 20000.000	 10000.000	  9000.000	    48.000
 21000.000	 10000.000	  9000.000	    48.000
 22000.000	 10000.000	  9000.000	    48.000
 23000.000	 10000.000	  9000.000	    48.000
 24000.000	 10000.000	  9000.000	    48.000
  5000.000	 11000.000	  9000.000	    48.000
  6000.000	 11000.000	  9000.000	    48.000
  7000.000	 11000.000	  9000.000	    48.000
  8000.000	 11000.000	  9000.000	    48.000
  9000.000	 11000.000	  9000.000	    48.000
 10000.000	 11000.000	  9000.000	    48.000
 11000.000	 11000.000	  9000.000	    48.000
 12000.000	 11000.000	  9000.000	    48.000
 13000.000	 11000.000	  9000.000	    48.000
 14000.000	 11000.000	  9000.000	    48.000
 15000.000	 11000.000	  9000.000	    48.000
 16000.000	 11000.000	  9000.000	    48.000
 17000.000	 11000.000	  9000.000	    48.000
 18000.000	 11000.000	  9000.000	    48.000
 19000.000	 11000.000	  9000.000	    48.000
 20000.000	 11000.000	  9000.000	    48.000
 21000.000	 11000.000	  9000.000	    48.000
 22000.000	 11000.000	  9000.000	    48.000
 23000.000	 11000.000	  9000.000	    48.000
 24000.000	 11000.000	  9000.000	    48.000
 25000.000	 11000.000	  9000.000	    48.000
  5000.000	 12000.000	  9000.000	    48.000
  6000.000	 12000.000	  9000.000	    48.000
  7000.000	 12000.000	  9000.000	    48.000
  8000.000	 12000.000	  9000.000	    48.000
  9000.000	 12000.000	  9000.000	    48.000
 10000.000	 12000.000	  9000.000	    48.000
 11000.000	 12000.000	  9000.000	    48.000
 12000.000	 12000.000	  9000.000	    48.000
 13000.000	 12000.000	  9000.000	    48.000
 14000.000	 12000.000	  9000.000	    48.000
 15000.000	 12000.000	  9000.000	    48.000
 16000.000	 12000.000	  9000.000	    48.000
 17000.000	 12000.000	  9000.000	    48.000
 18000.000	 12000.000	  9000.000	    48.000
 19000.000	 12000.000	  9000.000	    48.000
 20000.000	 12000.000	  9000.000	    48.000
 21000.000	 12000.000	  9000.000	    48.000
 22000.000	 12000.000	  9000.000	    48.000
 23000.000	 12000.000	  9000.000	    48.000
 24000.000	 12000.000	  9000.000	    48.000
 25000.000	 12000.000	  9000.000	    48.000
 26000.000	 12000.000	  9000.000	    48.000
  5000.000	 13000.000	  9000.000	    48.000
  6000.000	 13000.000	  9000.000	    48.000
  7000.000	 13000.000	  9000.000	    48.000
  8000.000	 13000.000	  9000.000	    48.000
  9000.000	 13000.000	  9000.000	    48.000
 10000.000	 13000.000	  9000.000	    48.000
 11000.000	 13000.000	  9000.000	    48.000
 12000.000	 13000.000	  9000.000	    48.000
 13000.000	 13000.000	  9000.000	    48.000
 14000.000	 13000.000	  9000.000	    48.000
 15000.000	 13000.000	  9000.000	    48.000
 16000.000	 13000.000	  9000.000	    48.000
 17000.000	 13000.000	  9000.000	    48.000
 18000.000	 13000.000	  9000.000	    48.000
 19000.000	 13000.000	  9000.000	    48.000
 20000.000	 13000.000	  9000.000	    48.000
 21000.000	 13000.000	  9000.000	    48.000
 22000.000	 13000.000	  9000.000	    48.000
 23000.000	 13000.000	  9000.000	    48.000
 24000.000	 13000.000	  9000.000	    48.000
 25000.000	 13000.000	  9000.000	    48.000
 26000.000	 13000.000	  9000.000	    48.000
 27000.000	 13000.000	  9000.000	    48.000
  5000.000	 14000.000	  9000.000	    48.000
  6000.000	 14000.000	  9000.000	    48.000
  7000.000	 14000.000	  9000.000	    48.000
  8000.000	 14000.000	  9000.000	    48.000
  9000.000	 14000.000	  9000.000	    48.000
 10000.000	 14000.000	  9000.000	    48.000
 11000.000	 14000.000	  9000.000	    48.000
 12000.000	 14000.000	  9000.000	    48.000
 13000.000	 14000.000	  9000.000	    48.000
 14000.000	 14000.000	  9000.000	    48.000
 15000.000	 14000.000	  9000.000	    48.000
 16000.000	 14000.000	  9000.000	    48.000
 17000.000	 14000.000	  9000.000	    48.000
 18000.000	 14000.000	  9000.000	    48.000
 19000.000	 14000.000	  9000.000	    48.000
 20000.000	 14000.000	  9000.000	    48.000
 21000.000	 14000.000	  9000.000	    48.000
 22000.000	 14000.000	  9000.000	    48.000
 23000.000	 14000.000	  9000.000	    48.000
 24000.000	 14000.000	  9000.000	    48.000
 25000.000	 14000.000	  9000.000	    48.000
 26000.000	 14000.000	  9000.000	    48.000
 27000.000	 14000.000	  9000.000	    48.000
 28000.000	 14000.000	  9000.000	    48.000
  6000.000	 15000.000	  9000.000	    48.000
  7000.000	 15000.000	  9000.000	    48.000
  8000.000	 15000.000	  9000.000	    48.000
  9000.000	 15000.000	  9000.000	    48.000
 10000.000	 15000.000	  9000.000	    48.000
 11000.000	 15000.000	  9000.000	    48.000
 12000.000	 15000.000	  9000.000	    48.000
 13000.000	 15000.000	  9000.000	    48.000
 14000.000	 15000.000	  9000.000	    48.000
 15000.000	 15000.000	  9000.000	    48.000
 16000.000	 15000.000	  9000.000	    48.000
 17000.000	 15000.000	  9000.000	    48.000
 18000.000	 15000.000	  9000.000	    48.000
 19000.000	 15000.000	  9000.000	    48.000
 20000.000	 15000.000	  9000.000	    48.000
 21000.000	 15000.000	  9000.000	    48.000
 22000.000	 15000.000	  9000.000	    48.000
 23000.000	 15000.000	  9000.000	    48.000
 24000.000	 15000.000	  9000.000	    48.000
 25000.000	 15000.000	  9000.000	    48.000
 26000.000	 15000.000	  9000.000	    48.000
 27000.000	 15000.000	  9000.000	    48.000
 28000.000	 15000.000	  9000.000	    48.000
 29000.000	 15000.000	  9000.000	    48.000
  6000.000	 16000.000	  9000.000	    48.000
  7000.000	 16000.000	  9000.000	    48.000
  8000.000	 16000.000	  9000.000	    48.000
  9000.000	 16000.000	  9000.000	    48.000
 10000.000	 16000.000	  9000.000	    48.000
 11000.000	 16000.000	  9000.000	    48.000
 12000.000	 16000.000	  9000.000	    48.000
 13000.000	 16000.000	  9000.000	    48.000
 14000.000	 16000.000	  9000.000	    48.000
 15000.000	 16000.000	  9000.000	    48.000
 16000.000	 16000.000	  9000.000	    48.000
 17000.000	 16000.000	  9000.000	    48.000
 18000.000	 16000.000	  9000.000	    48.000
 19000.000	 16000.000	  9000.000	    48.000
 20000.000	 16000.000	  9000.000	    48.000
 21000.000	 16000.000	  9000.000	    48.000
 22000.000	 16000.000	  9000.000	    48.000
 23000.000	 16000.000	  9000.000	    48.000
 24000.000	 16000.000	  9000.000	    48.000
 25000.000	 16000.000	  9000.000	    48.000
 26000.000	 16000.000	  9000.000	    48.000
 27000.000	 16000.000	  9000.000	    48.000
 28000.000	 16000.000	  9000.000	    48.000
 29000.000	 16000.000	  9000.000	    48.000
 30000.000	 16000.000	  9000.000	    48.000
  6000.000	 17000.000	  9000.000	    48.000
  7000.000	 17000.000	  9000.000	    48.000
  8000.000	 17000.000	  9000.000	    48.000
  9000.000	 17000.000	  9000.000	    48.000
 10000.000	 17000.000	  9000.000	    48.000
 11000.000	 17000.000	  9000.000	    48.000
 12000.000	 17000.000	  9000.000	    48.000
 13000.000	 17000.000	  9000.000	    48.000
 14000.000	 17000.000	  9000.000	    48.000
 15000.000	 17000.000	  9000.000	    48.000
 16000.000	 17000.000	  9000.000	    48.000
 17000.000	 17000.000	  9000.000	    48.000
 18000.000	 17000.000	  9000.000	    48.000
 19000.000	 17000.000	  9000.000	    48.000
 20000.000	 17000.000	  9000.000	    48.000
 21000.000	 17000.000	  9000.000	    48.000
 22000.000	 17000.000	  9000.000	    48.000
 23000.000	 17000.000	  9000.000	    48.000
 24000.000	 17000.000	  9000.000	    48.000
 25000.000	 17000.000	  9000.000	    48.000
 26000.000	 17000.000	  9000.000	    48.000
 27000.000	 17000.000	  9000.000	    48.000
 28000.000	 17000.000	  9000.000	    48.000
 29000.000	 17000.000	  9000.000	    48.000
 30000.000	 17000.000	  9000.000	    48.000
  6000.000	 18000.000	  9000.000	    48.000
  7000.000	 18000.000	  9000.000	    48.000
  8000.000	 18000.000	  9000.000	    48.000
  9000.000	 18000.000	  9000.000	    48.000
 10000.000	 18000.000	  9000.000	    48.000
 11000.000	 18000.000	  9000.000	    48.000
 12000.000	 18000.000	  9000.000	    48.000
 13000.000	 18000.000	  9000.000	    48.000
 14000.000	 18000.000	  9000.000	    48.000
 15000.000	 18000.000	  9000.000	    48.000
 16000.000	 18000.000	  9000.000	    48.000
 17000.000	 18000.000	  9000.000	    48.000
 18000.000	 18000.000	  9000.000	    48.000
 19000.000	 18000.000	  9000.000	    48.000
 20000.000	 18000.000	  9000.000	    48.000
 21000.000	 18000.000	  9000.000	    48.000
 22000.000	 18000.000	  9000.000	    48.000
 23000.000	 18000.000	  9000.000	    48.000
 24000.000	 18000.000	  9000.000	    48.000
 25000.000	 18000.000	  9000.000	    48.000
 26000.000	 18000.000	  9000.000	    48.000
 27000.000	 18000.000	  9000.000	    48.000
 28000.000	 18000.000	  9000.000	    48.000
 29000.000	 18000.000	  9000.000	    48.000
 30000.000	 18000.000	  9000.000	    48.000
  6000.000	 19000.000	  9000.000	    48.000
  7000.000	 19000.000	  9000.000	    48.000
  8000.000	 19000.000	  9000.000	    48.000
  9000.000	 19000.000	  9000.000	    48.000
 10000.000	 19000.000	  9000.000	    48.000
 11000.000	 19000.000	  9000.000	    48.000
 12000.000	 19000.000	  9000.000	    48.000
 13000.000	 19000.000	  9000.000	    48.000
 14000.000	 19000.000	  9000.000	    48.000
 15000.000	 19000.000	  9000.000	    48.000
 16000.000	 19000.000	  9000.000	    48.000
 17000.000	 19000.000	  9000.000	    48.000
 18000.000	 19000.000	  9000.000	    48.000
 19000.000	 19000.000	  9000.000	    48.000
 20000.000	 19000.000	  9000.000	    48.000
 21000.000	 19000.000	  9000.000	    48.000
 22000.000	 19000.000	  9000.000	    48.000
 23000.000	 19000.000	  9000.000	    48.000
 24000.000	 19000.000	  9000.000	    48.000
 25000.000	 19000.000	  9000.000	    48.000
 26000.000	 19000.000	  9000.000	    48.000
 27000.000	 19000.000	  9000.000	    48.000
 28000.000	 19000.000	  9000.000	    48.000
 29000.000	 19000.000	  9000.000	    48.000
 30000.000	 19000.000	  9000.000	    48.000
  6000.000	 20000.000	  9000.000	    48.000
  7000.000	 20000.000	  9000.000	    48.000
  8000.000	 20000.000	  9000.000	    48.000
  9000.000	 20000.000	  9000.000	    48.000
 10000.000	 20000.000	  9000.000	    48.000
 11000.000	 20000.000	  9000.000	    48.000
 12000.000	 20000.000	  9000.000	    48.000
 13000.000	 20000.000	  9000.000	    48.000
 14000.000	 20000.000	  9000.000	    48.000
 15000.000	 20000.000	  9000.000	    48.000
 16000.000	 20000.000	  9000.000	    48.000
 17000.000	 20000.000	  9000.000	    48.000
 18000.000	 20000.000	  9000.000	    48.000
 19000.000	 20000.000	  9000.000	    48.000
 20000.000	 20000.000	  9000.000	    48.000
 21000.000	 20000.000	  9000.000	    48.000
 22000.000	 20000.000	  9000.000	    48.000
 23000.000	 20000.000	  9000.000	    48.000
 24000.000	 20000.000	  9000.000	    48.000
 25000.000	 20000.000	  9000.000	    48.000
 26000.000	 20000.000	  9000.000	    48.000
 27000.000	 20000.000	  9000.000	    48.000
 28000.000	 20000.000	  9000.000	    48.000
 29000.000	 20000.000	  9000.000	    48.000
 30000.000	 20000.000	  9000.000	    48.000
  6000.000	 21000.000	  9000.000	    48.000
  7000.000	 21000.000	  9000.000	    48.000
  8000.000	 21000.000	  9000.000	    48.000
  9000.000	 21000.000	  9000.000	    48.000
 10000.000	 21000.000	  9000.000	    48.000
 11000.000	 21000.000	  9000.000	    48.000
 12000.000	 21000.000	  9000.000	    48.000
 13000.000	 21000.000	  9000.000	    48.000
 14000.000	 21000.000	  9000.000	    48.000
 15000.000	 21000.000	  9000.000	    48.000
 16000.000	 21000.000	  9000.000	    48.000
 17000.000	 21000.000	  9000.000	    48.000
 18000.000	 21000.000	  9000.000	    48.000
 19000.000	 21000.000	  9000.000	    48.000
 20000.000	 21000.000	  9000.000	    48.000
 21000.000	 21000.000	  9000.000	    48.000
 22000.000	 21000.000	  9000.000	    48.000
 23000.000	 21000.000	  9000.000	    48.000
 24000.000	 21000.000	  9000.000	    48.000
 25000.000	 21000.000	  9000.000	    48.000
 26000.000	 21000.000	  9000.000	    48.000
 27000.000	 21000.000	  9000.000	    48.000
 28000.000	 21000.000	  9000.000	    48.000
 29000.000	 21000.000	  9000.000	    48.000
 30000.000	 21000.000	  9000.000	    48.000
  6000.000	 22000.000	  9000.000	    48.000
  7000.000	 22000.000	  9000.000	    48.000
  8000.000	 22000.000	  9000.000	    48.000
  9000.000	 22000.000	  9000.000	    48.000
 10000.000	 22000.000	  9000.000	    48.000
 11000.000	 22000.000	  9000.000	    48.000
 12000.000	 22000.000	  9000.000	    48.000
 13000.000	 22000.000	  9000.000	    48.000
 14000.000	 22000.000	  9000.000	    48.000
 15000.000	 22000.000	  9000.000	    48.000
 16000.000	 22000.000	  9000.000	    48.000
 17000.000	 22000.000	  9000.000	    48.000
 18000.000	 22000.000	  9000.000	    48.000
 19000.000	 22000.000	  9000.000	    48.000
 20000.000	 22000.000	  9000.000	    48.000
 21000.000	 22000.000	  9000.000	    48.000
 22000.000	 22000.000	  9000.000	    48.000
 23000.000	 22000.000	  9000.000	    48.000
 24000.000	 22000.000	  9000.000	    48.000
 25000.000	 22000.000	  9000.000	    48.000
 26000.000	 22000.000	  9000.000	    48.000
 27000.000	 22000.000	  9000.000	    48.000
 28000.000	 22000.000	  9000.000	    48.000
 29000.000	 22000.000	  9000.000	    48.000
 30000.000	 22000.000	  9000.000	    48.000
  6000.000	 23000.000	  9000.000	    48.000
  7000.000	 23000.000	  9000.000	    48.000
  8000.000	 23000.000	  9000.000	    48.000
  9000.000	 23000.000	  9000.000	    48.000
 10000.000	 23000.000	  9000.000	    48.000
 11000.000	 23000.000	  9000.000	    48.000
 12000.000	 23000.000	  9000.000	    48.000
 13000.000	 23000.000	  9000.000	    48.000
 14000.000	 23000.000	  9000.000	    48.000
 15000.000	 23000.000	  9000.000	    48.000
 16000.000	 23000.000	  9000.000	    48.000
 17000.000	 23000.000	  9000.000	    48.000
 18000.000	 23000.000	  9000.000	    48.000
 19000.000	 23000.000	  9000.000	    48.000
 20000.000	 23000.000	  9000.000	    48.000
 21000.000	 23000.000	  9000.000	    48.000
 22000.000	 23000.000	  9000.000	    48.000
 23000.000	 23000.000	  9000.000	    48.000
 24000.000	 23000.000	  9000.000	    48.000
 25000.000	 23000.000	  9000.000	    48.000
 26000.000	 23000.000	  9000.000	    48.000
 27000.000	 23000.000	  9000.000	    48.000
 28000.000	 23000.000	  9000.000	    48.000
 29000.000	 23000.000	  9000.000	    48.000
 30000.000	 23000.000	  9000.000	    48.000
  6000.000	 24000.000	  9000.000	    48.000
  7000.000	 24000.000	  9000.000	    48.000
  8000.000	 24000.000	  9000.000	    48.000
  9000.000	 24000.000	  9000.000	    48.000
 10000.000	 24000.000	  9000.000	    48.000
 11000.000	 24000.000	  9000.000	    48.000
 12000.000	 24000.000	  9000.000	    48.000
 13000.000	 24000.000	  9000.000	    48.000
 14000.000	 24000.000	  9000.000	    48.000
 15000.000	 24000.000	  9000.000	    48.000
 16000.000	 24000.000	  9000.000	    48.000
 17000.000	 24000.000	  9000.000	    48.000
 18000.000	 24000.000	  9000.000	    48.000
 19000.000	 24000.000	  9000.000	    48.000
 20000.000	 24000.000	  9000.000	    48.000
 21000.000	 24000.000	  9000.000	    48.000
 22000.000	 24000.000	  9000.000	    48.000
 23000.000	 24000.000	  9000.000	    48.000
 24000.000	 24000.000	  9000.000	    48.000
 25000.000	 24000.000	  9000.000	    48.000
 26000.000	 24000.000	  9000.000	    48.000
 27000.000	 24000.000	  9000.000	    48.000
 28000.000	 24000.000	  9000.000	    48.000
 29000.000	 24000.000	  9000.000	    48.000
 30000.000	 24000.000	  9000.000	    48.000
  6000.000	 25000.000	  9000.000	    48.000
  7000.000	 25000.000	  9000.000	    48.000
  8000.000	 25000.000	  9000.000	    48.000
  9000.000	 25000.000	  9000.000	    48.000
 10000.000	 25000.000	  9000.000	    48.000
 11000.000	 25000.000	  9000.000	    48.000
 12000.000	 25000.000	  9000.000	    48.000
 13000.000	 25000.000	  9000.000	    48.000
 14000.000	 25000.000	  9000.000	    48.000
 15000.000	 25000.000	  9000.000	    48.000
 16000.000	 25000.000	  9000.000	    48.000
 17000.000	 25000.000	  9000.000	    48.000
 18000.000	 25000.000	  9000.000	    48.000
 19000.000	 25000.000	  9000.000	    48.000
 20000.000	 25000.000	  9000.000	    48.000
 21000.000	 25000.000	  9000.000	    48.000
 22000.000	 25000.000	  9000.000	    48.000
 23000.000	 25000.000	  9000.000	    48.000
 24000.000	 25000.000	  9000.000	    48.000
 25000.000	 25000.000	  9000.000	    48.000
 26000.000	 25000.000	  9000.000	    48.000
 27000.000	 25000.000	  9000.000	    48.000
 28000.000	 25000.000	  9000.000	    48.000
 29000.000	 25000.000	  9000.000	    48.000
 30000.000	 25000.000	  9000.000	    48.000
  6000.000	 26000.000	  9000.000	    48.000
  7000.000	 26000.000	  9000.000	    48.000
  8000.000	 26000.000	  9000.000	    48.000
  9000.000	 26000.000	  9000.000	    48.000
 10000.000	 26000.000	  9000.000	    48.000
 11000.000	 26000.000	  9000.000	    48.000
 12000.000	 26000.000	  9000.000	    48.000
 13000.000	 26000.000	  9000.000	    48.000
 14000.000	 26000.000	  9000.000	    48.000
 15000.000	 26000.000	  9000.000	    48.000
 16000.000	 26000.000	  9000.000	    48.000
 17000.000	 26000.000	  9000.000	    48.000
 18000.000	 26000.000	  9000.000	    48.000
 19000.000	 26000.000	  9000.000	    48.000
 20000.000	 26000.000	  9000.000	    48.000
 21000.000	 26000.000	  9000.000	    48.000
 22000.000	 26000.000	  9000.000	    48.000
 23000.000	 26000.000	  9000.000	    48.000
 24000.000	 26000.000	  9000.000	    48.000
 25000.000	 26000.000	  9000.000	    48.000
 26000.000	 26000.000	  9000.000	    48.000
 27000.000	 26000.000	  9000.000	    48.000
 28000.000	 26000.000	  9000.000	    48.000
 29000.000	 26000.000	  9000.000	    48.000
 30000.000	 26000.000	  9000.000	    48.000
  6000.000	 27000.000	  9000.000	    48.000
  7000.000	 27000.000	  9000.000	    48.000
  8000.000	 27000.000	  9000.000	    48.000
  9000.000	 27000.000	  9000.000	    48.000
 10000.000	 27000.000	  9000.000	    48.000
 11000.000	 27000.000	  9000.000	    48.000
 12000.000	 27000.000	  9000.000	    48.000
 13000.000	 27000.000	  9000.000	    48.000
 14000.000	 27000.000	  9000.000	    48.000
 15000.000	 27000.000	  9000.000	    48.000
 16000.000	 27000.000	  9000.000	    48.000
 17000.000	 27000.000	  9000.000	    48.000
 18000.000	 27000.000	  9000.000	    48.000
 19000.000	 27000.000	  9000.000	    48.000
 20000.000	 27000.000	  9000.000	    48.000
 21000.000	 27000.000	  9000.000	    48.000
 22000.000	 27000.000	  9000.000	    48.000
 23000.000	 27000.000	  9000.000	    48.000
 24000.000	 27000.000	  9000.000	    48.000
 25000.000	 27000.000	  9000.000	    48.000
 26000.000	 27000.000	  9000.000	    48.000
 27000.000	 27000.000	  9000.000	    48.000
 28000.000	 27000.000	  9000.000	    48.000
 29000.000	 27000.000	  9000.000	    48.000
 30000.000	 27000.000	  9000.000	    48.000
  6000.000	 28000.000	  9000.000	    48.000
  7000.000	 28000.000	  9000.000	    48.000
  8000.000	 28000.000	  9000.000	    48.000
  9000.000	 28000.000	  9000.000	    48.000
 10000.000	 28000.000	  9000.000	    48.000
 11000.000	 28000.000	  9000.000	    48.000
 12000.000	 28000.000	  9000.000	    48.000
 13000.000	 28000.000	  9000.000	    48.000
 14000.000	 28000.000	  9000.000	    48.000
 15000.000	 28000.000	  9000.000	    48.000
 16000.000	 28000.000	  9000.000	    48.000
 17000.000	 28000.000	  9000.000	    48.000
 18000.000	 28000.000	  9000.000	    48.000
 19000.000	 28000.000	  9000.000	    48.000
 20000.000	 28000.000	  9000.000	    48.000
 21000.000	 28000.000	  9000.000	    48.000
 22000.000	 28000.000	  9000.000	    48.000
 23000.000	 28000.000	  9000.000	    48.000
 24000.000	 28000.000	  9000.000	    48.000
 25000.000	 28000.000	  9000.000	    48.000
 26000.000	 28000.000	  9000.000	    48.000
 27000.000	 28000.000	  9000.000	    48.000
 28000.000	 28000.000	  9000.000	    48.000
 29000.000	 28000.000	  9000.000	    48.000
 30000.000	 28000.000	  9000.000	    48.000
  6000.000	 29000.000	  9000.000	    48.000
  7000.000	 29000.000	  9000.000	    48.000
  8000.000	 29000.000	  9000.000	    48.000
  9000.000	 29000.000	  9000.000	    48.000
 10000.000	 29000.000	  9000.000	    48.000
 11000.000	 29000.000	  9000.000	    48.000
 12000.000	 29000.000	  9000.000	    48.000
 13000.000	 29000.000	  9000.000	    48.000
 14000.000	 29000.000	  9000.000	    48.000
 15000.000	 29000.000	  9000.000	    48.000
 16000.000	 29000.000	  9000.000	    48.000
 17000.000	 29000.000	  9000.000	    48.000
 18000.000	 29000.000	  9000.000	    48.000
 19000.000	 29000.000	  9000.000	    48.000
 20000.000	 29000.000	  9000.000	    48.000
 21000.000	 29000.000	  9000.000	    48.000
 22000.000	 29000.000	  9000.000	    48.000
 23000.000	 29000.000	  9000.000	    48.000
 24000.000	 29000.000	  9000.000	    48.000
 25000.000	 29000.000	  9000.000	    48.000
 26000.000	 29000.000	  9000.000	    48.000
 27000.000	 29000.000	  9000.000	    48.000
 28000.000	 29000.000	  9000.000	    48.000
 29000.000	 29000.000	  9000.000	    48.000
 30000.000	 29000.000	  9000.000	    48.000
  6000.000	 30000.000	  9000.000	    48.000
  7000.000	 30000.000	  9000.000	    48.000
  8000.000	 30000.000	  9000.000	    48.000
  9000.000	 30000.000	  9000.000	    48.000
 10000.000	 30000.000	  9000.000	    48.000
 11000.000	 30000.000	  9000.000	    48.000
 12000.000	 30000.000	  9000.000	    48.000
 13000.000	 30000.000	  9000.000	    48.000
 14000.000	 30000.000	  9000.000	    48.000
 15000.000	 30000.000	  9000.000	    48.000
 16000.000	 30000.000	  9000.000	    48.000
 17000.000	 30000.000	  9000.000	    48.000
 18000.000	 30000.000	  9000.000	    48.000
 19000.000	 30000.000	  9000.000	    48.000
 20000.000	 30000.000	  9000.000	    48.000
 21000.000	 30000.000	  9000.000	    48.000
 22000.000	 30000.000	  9000.000	    48.000
 23000.000	 30000.000	  9000.000	    48.000
 24000.000	 30000.000	  9000.000	    48.000
 25000.000	 30000.000	  9000.000	    48.000
 26000.000	 30000.000	  9000.000	    48.000
 27000.000	 30000.000	  9000.000	    48.000
 28000.000	 30000.000	  9000.000	    48.000
 29000.000	 30000.000	  9000.000	    48.000
 30000.000	 30000.000	  9000.000	    48.000
  7000.000	 31000.000	  9000.000	    48.000
  8000.000	 31000.000	  9000.000	    48.000
  9000.000	 31000.000	  9000.000	    48.000
 10000.000	 31000.000	  9000.000	    48.000
 11000.000	 31000.000	  9000.000	    48.000
 12000.000	 31000.000	  9000.000	    48.000
 13000.000	 31000.000	  9000.000	    48.000
 14000.000	 31000.000	  9000.000	    48.000
 15000.000	 31000.000	  9000.000	    48.000
 16000.000	 31000.000	  9000.000	    48.000
 17000.000	 31000.000	  9000.000	    48.000
 18000.000	 31000.000	  9000.000	    48.000
 19000.000	 31000.000	  9000.000	    48.000
 20000.000	 31000.000	  9000.000	    48.000
 21000.000	 31000.000	  9000.000	    48.000
 22000.000	 31000.000	  9000.000	    48.000
 23000.000	 31000.000	  9000.000	    48.000
 24000.000	 31000.000	  9000.000	    48.000
 25000.000	 31000.000	  9000.000	    48.000
 26000.000	 31000.000	  9000.000	    48.000
 27000.000	 31000.000	  9000.000	    48.000
 28000.000	 31000.000	  9000.000	    48.000
 29000.000	 31000.000	  9000.000	    48.000
 30000.000	 31000.000	  9000.000	    48.000
 31000.000	 31000.000	  9000.000	    48.000
  7000.000	 32000.000	  9000.000	    48.000
  8000.000	 32000.000	  9000.000	    48.000
  9000.000	 32000.000	  9000.000	    48.000
 10000.000	 32000.000	  9000.000	    48.000
 11000.000	 32000.000	  9000.000	    48.000
 12000.000	 32000.000	  9000.000	    48.000
 13000.000	 32000.000	  9000.000	    48.000
 14000.000	 32000.000	  9000.000	    48.000
 15000.000	 32000.000	  9000.000	    48.000
 16000.000	 32000.000	  9000.000	    48.000
 17000.000	 32000.000	  9000.000	    48.000
 18000.000	 32000.000	  9000.000	    48.000
 19000.000	 32000.000	  9000.000	    48.000
 20000.000	 32000.000	  9000.000	    48.000
 21000.000	 32000.000	  9000.000	    48.000
 22000.000	 32000.000	  9000.000	    48.000
 23000.000	 32000.000	  9000.000	    48.000
 24000.000	 32000.000	  9000.000	    48.000
 25000.000	 32000.000	  9000.000	    48.000
 26000.000	 32000.000	  9000.000	    48.000
 27000.000	 32000.000	  9000.000	    48.000
 28000.000	 32000.000	  9000.000	    48.000
 29000.000	 32000.000	  9000.000	    48.000
 30000.000	 32000.000	  9000.000	    48.000
 31000.000	 32000.000	  9000.000	    48.000
  8000.000	 33000.000	  9000.000	    48.000
  9000.000	 33000.000	  9000.000	    48.000
 10000.000	 33000.000	  9000.000	    48.000
 11000.000	 33000.000	  9000.000	    48.000
 12000.000	 33000.000	  9000.000	    48.000
 13000.000	 33000.000	  9000.000	    48.000
 14000.000	 33000.000	  9000.000	    48.000
 15000.000	 33000.000	  9000.000	    48.000
 16000.000	 33000.000	  9000.000	    48.000
 17000.000	 33000.000	  9000.000	    48.000
 18000.000	 33000.000	  9000.000	    48.000
 19000.000	 33000.000	  9000.000	    48.000
 20000.000	 33000.000	  9000.000	    48.000
 21000.000	 33000.000	  9000.000	    48.000
 22000.000	 33000.000	  9000.000	    48.000
 23000.000	 33000.000	  9000.000	    48.000
 24000.000	 33000.000	  9000.000	    48.000
 25000.000	 33000.000	  9000.000	    48.000
 26000.000	 33000.000	  9000.000	    48.000
 27000.000	 33000.000	  9000.000	    48.000
 28000.000	 33000.000	  9000.000	    48.000
 29000.000	 33000.000	  9000.000	    48.000
 30000.000	 33000.000	  9000.000	    48.000
 31000.000	 33000.000	  9000.000	    48.000
  8000.000	 34000.000	  9000.000	    48.000
  9000.000	 34000.000	  9000.000	    48.000
 10000.000	 34000.000	  9000.000	    48.000
 11000.000	 34000.000	  9000.000	    48.000
 12000.000	 34000.000	  9000.000	    48.000
 13000.000	 34000.000	  9000.000	    48.000
 14000.000	 34000.000	  9000.000	    48.000
 15000.000	 34000.000	  9000.000	    48.000
 16000.000	 34000.000	  9000.000	    48.000
 17000.000	 34000.000	  9000.000	    48.000
 18000.000	 34000.000	  9000.000	    48.000
 19000.000	 34000.000	  9000.000	    48.000
 20000.000	 34000.000	  9000.000	    48.000
 21000.000	 34000.000	  9000.000	    48.000
 22000.000	 34000.000	  9000.000	    48.000
 23000.000	 34000.000	  9000.000	    48.000
 24000.000	 34000.000	  9000.000	    48.000
 25000.000	 34000.000	  9000.000	    48.000
 26000.000	 34000.000	  9000.000	    48.000
 27000.000	 34000.000	  9000.000	    48.000
 28000.000	 34000.000	  9000.000	    48.000
 29000.000	 34000.000	  9000.000	    48.000
 30000.000	 34000.000	  9000.000	    48.000
 31000.000	 34000.000	  9000.000	    48.000
  9000.000	 35000.000	  9000.000	    48.000
 10000.000	 35000.000	  9000.000	    48.000
 11000.000	 35000.000	  9000.000	    48.000
 12000.000	 35000.000	  9000.000	    48.000
 13000.000	 35000.000	  9000.000	    48.000
 14000.000	 35000.000	  9000.000	    48.000
 15000.000	 35000.000	  9000.000	    48.000
 16000.000	 35000.000	  9000.000	    48.000
 17000.000	 35000.000	  9000.000	    48.000
 18000.000	 35000.000	  9000.000	    48.000
 19000.000	 35000.000	  9000.000	    48.000
 20000.000	 35000.000	  9000.000	    48.000
 21000.000	 35000.000	  9000.000	    48.000
 22000.000	 35000.000	  9000.000	    48.000
 23000.000	 35000.000	  9000.000	    48.000
 24000.000	 35000.000	  9000.000	    48.000
 25000.000	 35000.000	  9000.000	    48.000
 26000.000	 35000.000	  9000.000	    48.000
 27000.000	 35000.000	  9000.000	    48.000
 28000.000	 35000.000	  9000.000	    48.000
 29000.000	 35000.000	  9000.000	    48.000
 30000.000	 35000.000	  9000.000	    48.000
 31000.000	 35000.000	  9000.000	    48.000
  9000.000	 36000.000	  9000.000	    48.000
 10000.000	 36000.000	  9000.000	    48.000
 11000.000	 36000.000	  9000.000	    48.000
 12000.000	 36000.000	  9000.000	    48.000
 13000.000	 36000.000	  9000.000	    48.000
 14000.000	 36000.000	  9000.000	    48.000
 15000.000	 36000.000	  9000.000	    48.000
 16000.000	 36000.000	  9000.000	    48.000
 17000.000	 36000.000	  9000.000	    48.000
 18000.000	 36000.000	  9000.000	    48.000
 19000.000	 36000.000	  9000.000	    48.000
 20000.000	 36000.000	  9000.000	    48.000
 21000.000	 36000.000	  9000.000	    48.000
 22000.000	 36000.000	  9000.000	    48.000
 23000.000	 36000.000	  9000.000	    48.000
 24000.000	 36000.000	  9000.000	    48.000
 25000.000	 36000.000	  9000.000	    48.000
 26000.000	 36000.000	  9000.000	    48.000
 27000.000	 36000.000	  9000.000	    48.000
 28000.000	 36000.000	  9000.000	    48.000
 29000.000	 36000.000	  9000.000	    48.000
 30000.000	 36000.000	  9000.000	    48.000
 31000.000	 36000.000	  9000.000	    48.000
  9000.000	 37000.000	  9000.000	    48.000
 10000.000	 37000.000	  9000.000	    48.000
 11000.000	 37000.000	  9000.000	    48.000
 12000.000	 37000.000	  9000.000	    48.000
 13000.000	 37000.000	  9000.000	    48.000
 14000.000	 37000.000	  9000.000	    48.000
 15000.000	 37000.000	  9000.000	    48.000
 16000.000	 37000.000	  9000.000	    48.000
 17000.000	 37000.000	  9000.000	    48.000
 18000.000	 37000.000	  9000.000	    48.000
 19000.000	 37000.000	  9000.000	    48.000
 20000.000	 37000.000	  9000.000	    48.000
 21000.000	 37000.000	  9000.000	    48.000
 22000.000	 37000.000	  9000.000	    48.000
 23000.000	 37000.000	  9000.000	    48.000
 24000.000	 37000.000	  9000.000	    48.000
 25000.000	 37000.000	  9000.000	    48.000
 26000.000	 37000.000	  9000.000	    48.000
 27000.000	 37000.000	  9000.000	    48.000
 28000.000	 37000.000	  9000.000	    48.000
 29000.000	 37000.000	  9000.000	    48.000
 30000.000	 37000.000	  9000.000	    48.000
 31000.000	 37000.000	  9000.000	    48.000
 10000.000	 38000.000	  9000.000	    48.000
 11000.000	 38000.000	  9000.000	    48.000
 12000.000	 38000.000	  9000.000	    48.000
 13000.000	 38000.000	  9000.000	    48.000
 14000.000	 38000.000	  9000.000	    48.000
 15000.000	 38000.000	  9000.000	    48.000
 16000.000	 38000.000	  9000.000	    48.000
 17000.000	 38000.000	  9000.000	    48.000
 18000.000	 38000.000	  9000.000	    48.000
 19000.000	 38000.000	  9000.000	    48.000
 20000.000	 38000.000	  9000.000	    48.000
 21000.000	 38000.000	  9000.000	    48.000
 22000.000	 38000.000	  9000.000	    48.000
 23000.000	 38000.000	  9000.000	    48.000
 24000.000	 38000.000	  9000.000	    48.000
 25000.000	 38000.000	  9000.000	    48.000
 26000.000	 38000.000	  9000.000	    48.000
 27000.000	 38000.000	  9000.000	    48.000
 28000.000	 38000.000	  9000.000	    48.000
 29000.000	 38000.000	  9000.000	    48.000
 30000.000	 38000.000	  9000.000	    48.000
 31000.000	 38000.000	  9000.000	    48.000
 10000.000	 39000.000	  9000.000	    48.000
 11000.000	 39000.000	  9000.000	    48.000
 12000.000	 39000.000	  9000.000	    48.000
 13000.000	 39000.000	  9000.000	    48.000
 14000.000	 39000.000	  9000.000	    48.000
 15000.000	 39000.000	  9000.000	    48.000
 16000.000	 39000.000	  9000.000	    48.000
 17000.000	 39000.000	  9000.000	    48.000
 18000.000	 39000.000	  9000.000	    48.000
 19000.000	 39000.000	  9000.000	    48.000
 20000.000	 39000.000	  9000.000	    48.000
 21000.000	 39000.000	  9000.000	    48.000
 22000.000	 39000.000	  9000.000	    48.000
 23000.000	 39000.000	  9000.000	    48.000
 24000.000	 39000.000	  9000.000	    48.000
 25000.000	 39000.000	  9000.000	    48.000
 26000.000	 39000.000	  9000.000	    48.000
 27000.000	 39000.000	  9000.000	    48.000
 28000.000	 39000.000	  9000.000	    48.000
 29000.000	 39000.000	  9000.000	    48.000
 30000.000	 39000.000	  9000.000	    48.000
 31000.000	 39000.000	  9000.000	    48.000
 11000.000	 40000.000	  9000.000	    48.000
 12000.000	 40000.000	  9000.000	    48.000
 13000.000	 40000.000	  9000.000	    48.000
 14000.000	 40000.000	  9000.000	    48.000
 15000.000	 40000.000	  9000.000	    48.000
 16000.000	 40000.000	  9000.000	    48.000
 17000.000	 40000.000	  9000.000	    48.000
 18000.000	 40000.000	  9000.000	    48.000
 19000.000	 40000.000	  9000.000	    48.000
 20000.000	 40000.000	  9000.000	    48.000
 21000.000	 40000.000	  9000.000	    48.000
 22000.000	 40000.000	  9000.000	    48.000
 23000.000	 40000.000	  9000.000	    48.000
 24000.000	 40000.000	  9000.000	    48.000
 25000.000	 40000.000	  9000.000	    48.000
 26000.000	 40000.000	  9000.000	    48.000
 27000.000	 40000.000	  9000.000	    48.000
 28000.000	 40000.000	  9000.000	    48.000
 29000.000	 40000.000	  9000.000	    48.000
 30000.000	 40000.000	  9000.000	    48.000
 31000.000	 40000.000	  9000.000	    48.000
 11000.000	 41000.000	  9000.000	    48.000
 12000.000	 41000.000	  9000.000	    48.000
 13000.000	 41000.000	  9000.000	    48.000
 14000.000	 41000.000	  9000.000	    48.000
 15000.000	 41000.000	  9000.000	    48.000
 16000.000	 41000.000	  9000.000	    48.000
 17000.000	 41000.000	  9000.000	    48.000
 18000.000	 41000.000	  9000.000	    48.000
 19000.000	 41000.000	  9000.000	    48.000
 20000.000	 41000.000	  9000.000	    48.000
 21000.000	 41000.000	  9000.000	    48.000
 22000.000	 41000.000	  9000.000	    48.000
 23000.000	 41000.000	  9000.000	    48.000
 24000.000	 41000.000	  9000.000	    48.000
 25000.000	 41000.000	  9000.000	    48.000
 26000.000	 41000.000	  9000.000	    48.000
 27000.000	 41000.000	  9000.000	    48.000
 28000.000	 41000.000	  9000.000	    48.000
 29000.000	 41000.000	  9000.000	    48.000
 30000.000	 41000.000	  9000.000	    48.000
 31000.000	 41000.000	  9000.000	    48.000
 12000.000	 42000.000	  9000.000	    48.000
 13000.000	 42000.000	  9000.000	    48.000
 14000.000	 42000.000	  9000.000	    48.000
 15000.000	 42000.000	  9000.000	    48.000
 16000.000	 42000.000	  9000.000	    48.000
 17000.000	 42000.000	  9000.000	    48.000
 18000.000	 42000.000	  9000.000	    48.000
 19000.000	 42000.000	  9000.000	    48.000
 20000.000	 42000.000	  9000.000	    48.000
 21000.000	 42000.000	  9000.000	    48.000
 22000.000	 42000.000	  9000.000	    48.000
 23000.000	 42000.000	  9000.000	    48.000
 24000.000	 42000.000	  9000.000	    48.000
 25000.000	 42000.000	  9000.000	    48.000
 26000.000	 42000.000	  9000.000	    48.000
 27000.000	 42000.000	  9000.000	    48.000
 28000.000	 42000.000	  9000.000	    48.000
 29000.000	 42000.000	  9000.000	    48.000
 30000.000	 42000.000	  9000.000	    48.000
 31000.000	 42000.000	  9000.000	    48.000
 12000.000	 43000.000	  9000.000	    48.000
 13000.000	 43000.000	  9000.000	    48.000
 14000.000	 43000.000	  9000.000	    48.000
 15000.000	 43000.000	  9000.000	    48.000
 16000.000	 43000.000	  9000.000	    48.000
 17000.000	 43000.000	  9000.000	    48.000
 18000.000	 43000.000	  9000.000	    48.000
 19000.000	 43000.000	  9000.000	    48.000
 20000.000	 43000.000	  9000.000	    48.000
 21000.000	 43000.000	  9000.000	    48.000
 22000.000	 43000.000	  9000.000	    48.000
 23000.000	 43000.000	  9000.000	    48.000
 24000.000	 43000.000	  9000.000	    48.000
 25000.000	 43000.000	  9000.000	    48.000
 26000.000	 43000.000	  9000.000	    48.000
 27000.000	 43000.000	  9000.000	    48.000
 28000.000	 43000.000	  9000.000	    48.000
 29000.000	 43000.000	  9000.000	    48.000
 30000.000	 43000.000	  9000.000	    48.000
 31000.000	 43000.000	  9000.000	    48.000
 13000.000	 44000.000	  9000.000	    48.000
 14000.000	 44000.000	  9000.000	    48.000
 15000.000	 44000.000	  9000.000	    48.000
 16000.000	 44000.000	  9000.000	    48.000
 17000.000	 44000.000	  9000.000	    48.000
 18000.000	 44000.000	  9000.000	    48.000
 19000.000	 44000.000	  9000.000	    48.000
 20000.000	 44000.000	  9000.000	    48.000
 21000.000	 44000.000	  9000.000	    48.000
 22000.000	 44000.000	  9000.000	    48.000
 23000.000	 44000.000	  9000.000	    48.000
 24000.000	 44000.000	  9000.000	    48.000
 25000.000	 44000.000	  9000.000	    48.000
 26000.000	 44000.000	  9000.000	    48.000
 27000.000	 44000.000	  9000.000	    48.000
 28000.000	 44000.000	  9000.000	    48.000
 29000.000	 44000.000	  9000.000	    48.000
 30000.000	 44000.000	  9000.000	    48.000
 31000.000	 44000.000	  9000.000	    48.000
 13000.000	 45000.000	  9000.000	    48.000
 14000.000	 45000.000	  9000.000	    48.000
 15000.000	 45000.000	  9000.000	    48.000
 16000.000	 45000.000	  9000.000	    48.000
 17000.000	 45000.000	  9000.000	    48.000
 18000.000	 45000.000	  9000.000	    48.000
 19000.000	 45000.000	  9000.000	    48.000
 20000.000	 45000.000	  9000.000	    48.000
 21000.000	 45000.000	  9000.000	    48.000
 22000.000	 45000.000	  9000.000	    48.000
 23000.000	 45000.000	  9000.000	    48.000
 24000.000	 45000.000	  9000.000	    48.000
 25000.000	 45000.000	  9000.000	    48.000
 26000.000	 45000.000	  9000.000	    48.000
 27000.000	 45000.000	  9000.000	    48.000
 28000.000	 45000.000	  9000.000	    48.000
 29000.000	 45000.000	  9000.000	    48.000
 30000.000	 45000.000	  9000.000	    48.000
 31000.000	 45000.000	  9000.000	    48.000
 14000.000	 46000.000	  9000.000	    48.000
 15000.000	 46000.000	  9000.000	    48.000
 16000.000	 46000.000	  9000.000	    48.000
 17000.000	 46000.000	  9000.000	    48.000
 18000.000	 46000.000	  9000.000	    48.000
 19000.000	 46000.000	  9000.000	    48.000
 20000.000	 46000.000	  9000.000	    48.000
 21000.000	 46000.000	  9000.000	    48.000
 22000.000	 46000.000	  9000.000	    48.000
 23000.000	 46000.000	  9000.000	    48.000
 24000.000	 46000.000	  9000.000	    48.000
 25000.000	 46000.000	  9000.000	    48.000
 26000.000	 46000.000	  9000.000	    48.000
 27000.000	 46000.000	  9000.000	    48.000
