   929         0.00       0.00
 15000.000	  5000.000	   303.579	    50.262
 16000.000	  5000.000	   297.639	    50.146
 17000.000	  5000.000	   295.496	    50.033
 18000.000	  5000.000	   290.065	    49.922
 19000.000	  5000.000	   286.311	    49.814
  5000.000	  6000.000	   292.965	    51.564
  6000.000	  6000.000	   297.153	    51.432
  7000.000	  6000.000	   297.626	    51.297
  8000.000	  6000.000	   303.875	    51.160
  9000.000	  6000.000	   309.381	    51.022
 10000.000	  6000.000	   310.183	    50.884
 11000.000	  6000.000	   314.984	    50.748
 12000.000	  6000.000	   314.565	    50.613
 13000.000	  6000.000	   310.573	    50.482
 14000.000	  6000.000	   308.039	    50.354
 15000.000	  6000.000	   305.742	    50.230
 16000.000	  6000.000	   303.054	    50.110
 17000.000	  6000.000	   300.773	    49.993
 18000.000	  6000.000	   291.553	    49.879
 19000.000	  6000.000	   289.754	    49.769
 20000.000	  6000.000	   291.524	    49.660
  5000.000	  7000.000	   295.225	    51.592
  6000.000	  7000.000	   295.951	    51.457
  7000.000	  7000.000	   301.249	    51.318
  8000.000	  7000.000	   305.985	    51.175
  9000.000	  7000.000	   308.181	    51.030
 10000.000	  7000.000	   310.378	    50.885
 11000.000	  7000.000	   312.095	    50.741
 12000.000	  7000.000	   312.332	    50.599
 13000.000	  7000.000	   309.752	    50.461
 14000.000	  7000.000	   308.273	    50.327
 15000.000	  7000.000	   308.336	    50.198
 16000.000	  7000.000	   308.399	    50.073
 17000.000	  7000.000	   306.598	    49.953
 18000.000	  7000.000	   305.370	    49.836
 19000.000	  7000.000	   300.281	    49.722
 20000.000	  7000.000	   299.868	    49.610
 21000.000	  7000.000	   298.926	    49.501
  5000.000	  8000.000	   297.802	    51.629
  6000.000	  8000.000	   298.622	    51.491
  7000.000	  8000.000	   302.589	    51.346
  8000.000	  8000.000	   304.785	    51.196
  9000.000	  8000.000	   306.982	    51.043
 10000.000	  8000.000	   309.178	    50.889
 11000.000	  8000.000	   311.375	    50.736
 12000.000	  8000.000	   311.464	    50.586
 13000.000	  8000.000	   310.804	    50.440
 14000.000	  8000.000	   310.867	    50.300
 15000.000	  8000.000	   310.929	    50.165
 16000.000	  8000.000	   310.992	    50.035
 17000.000	  8000.000	   311.055	    49.911
 18000.000	  8000.000	   310.142	    49.790
 19000.000	  8000.000	   307.453	    49.673
 20000.000	  8000.000	   306.511	    49.560
 21000.000	  8000.000	   305.569	    49.449
 22000.000	  8000.000	   304.627	    49.340
  5000.000	  9000.000	   298.382	    51.678
  6000.000	  9000.000	   299.183	    51.536
  7000.000	  9000.000	   301.380	    51.385
  8000.000	  9000.000	   303.576	    51.226
  9000.000	  9000.000	   305.773	    51.063
 10000.000	  9000.000	   307.969	    50.897
 11000.000	  9000.000	   310.166	    50.734
 12000.000	  9000.000	   310.312	    50.574
 13000.000	  9000.000	   312.675	    50.419
 14000.000	  9000.000	   312.738	    50.271
 15000.000	  9000.000	   312.801	    50.130
 16000.000	  9000.000	   312.863	    49.996
 17000.000	  9000.000	   312.926	    49.867
 18000.000	  9000.000	   312.988	    49.743
 19000.000	  9000.000	   310.064	    49.624
 20000.000	  9000.000	   309.122	    49.507
 21000.000	  9000.000	   308.180	    49.394
 22000.000	  9000.000	   307.238	    49.284
 23000.000	  9000.000	   306.296	    49.175
  5000.000	 10000.000	   296.877	    51.743
  6000.000	 10000.000	   297.553	    51.595
  7000.000	 10000.000	   300.146	    51.436
  8000.000	 10000.000	   302.342	    51.266
  9000.000	 10000.000	   304.539	    51.089
 10000.000	 10000.000	   306.736	    50.910
 11000.000	 10000.000	   307.619	    50.733
 12000.000	 10000.000	   314.423	    50.561
 13000.000	 10000.000	   311.574	    50.397
 14000.000	 10000.000	   312.705	    50.241
 15000.000	 10000.000	   312.767	    50.093
 16000.000	 10000.000	   312.830	    49.953
 17000.000	 10000.000	   314.318	    49.820
 18000.000	 10000.000	   318.845	    49.693
 19000.000	 10000.000	   307.945	    49.571
 20000.000	 10000.000	   301.103	    49.453
 21000.000	 10000.000	   300.161	    49.338
 22000.000	 10000.000	   299.219	    49.226
 23000.000	 10000.000	   298.277	    49.117
 24000.000	 10000.000	   302.023	    49.010
  5000.000	 11000.000	   296.820	    51.826
  6000.000	 11000.000	   297.549	    51.671
  7000.000	 11000.000	   298.225	    51.501
  8000.000	 11000.000	   301.109	    51.316
  9000.000	 11000.000	   303.305	    51.123
 10000.000	 11000.000	   304.724	    50.927
 11000.000	 11000.000	   310.089	    50.733
 12000.000	 11000.000	   312.734	    50.547
 13000.000	 11000.000	   313.796	    50.372
 14000.000	 11000.000	   312.835	    50.207
 15000.000	 11000.000	   312.734	    50.052
 16000.000	 11000.000	   315.649	    49.907
 17000.000	 11000.000	   315.951	    49.770
 18000.000	 11000.000	   315.949	    49.640
 19000.000	 11000.000	   306.501	    49.516
 20000.000	 11000.000	   297.063	    49.396
 21000.000	 11000.000	   292.142	    49.280
 22000.000	 11000.000	   291.200	    49.167
 23000.000	 11000.000	   294.370	    49.057
 24000.000	 11000.000	   306.175	    48.949
 25000.000	 11000.000	   313.085	    48.844
  5000.000	 12000.000	   299.668	    51.930
  6000.000	 12000.000	   295.677	    51.766
  7000.000	 12000.000	   300.063	    51.582
  8000.000	 12000.000	   303.229	    51.379
  9000.000	 12000.000	   302.384	    51.165
 10000.000	 12000.000	   307.722	    50.946
 11000.000	 12000.000	   311.250	    50.733
 12000.000	 12000.000	   309.240	    50.531
 13000.000	 12000.000	   314.449	    50.343
 14000.000	 12000.000	   313.874	    50.169
 15000.000	 12000.000	   312.718	    50.007
 16000.000	 12000.000	   314.546	    49.857
 17000.000	 12000.000	   310.307	    49.716
 18000.000	 12000.000	   312.239	    49.583
 19000.000	 12000.000	   312.828	    49.457
 20000.000	 12000.000	   292.716	    49.336
 21000.000	 12000.000	   288.196	    49.219
 22000.000	 12000.000	   287.203	    49.105
 23000.000	 12000.000	   292.946	    48.994
 24000.000	 12000.000	   303.071	    48.887
 25000.000	 12000.000	   312.752	    48.783
 26000.000	 12000.000	   325.198	    48.682
  5000.000	 13000.000	   299.936	    52.059
  6000.000	 13000.000	   299.127	    51.882
  7000.000	 13000.000	   303.357	    51.679
  8000.000	 13000.000	   303.063	    51.454
  9000.000	 13000.000	   304.443	    51.213
 10000.000	 13000.000	   305.661	    50.969
 11000.000	 13000.000	   311.786	    50.733
 12000.000	 13000.000	   319.610	    50.513
 13000.000	 13000.000	   314.027	    50.311
 14000.000	 13000.000	   312.654	    50.127
 15000.000	 13000.000	   312.905	    49.958
 16000.000	 13000.000	   313.157	    49.802
 17000.000	 13000.000	   313.112	    49.656
 18000.000	 13000.000	   309.567	    49.521
 19000.000	 13000.000	   302.344	    49.392
 20000.000	 13000.000	   296.056	    49.270
 21000.000	 13000.000	   293.991	    49.153
 22000.000	 13000.000	   291.877	    49.040
 23000.000	 13000.000	   291.656	    48.930
 24000.000	 13000.000	   299.991	    48.823
 25000.000	 13000.000	   311.135	    48.720
 26000.000	 13000.000	   320.692	    48.620
 27000.000	 13000.000	   335.748	    48.525
  5000.000	 14000.000	   299.243	    52.214
  6000.000	 14000.000	   303.484	    52.021
  7000.000	 14000.000	   303.700	    51.795
  8000.000	 14000.000	   305.080	    51.542
  9000.000	 14000.000	   306.459	    51.269
 10000.000	 14000.000	   307.839	    50.994
 11000.000	 14000.000	   308.938	    50.732
 12000.000	 14000.000	   314.181	    50.492
 13000.000	 14000.000	   312.590	    50.277
 14000.000	 14000.000	   312.842	    50.083
 15000.000	 14000.000	   313.093	    49.905
 16000.000	 14000.000	   313.345	    49.742
 17000.000	 14000.000	   313.596	    49.591
 18000.000	 14000.000	   311.679	    49.452
 19000.000	 14000.000	   303.916	    49.322
 20000.000	 14000.000	   303.295	    49.199
 21000.000	 14000.000	   301.181	    49.082
 22000.000	 14000.000	   299.068	    48.970
 23000.000	 14000.000	   296.954	    48.861
 24000.000	 14000.000	   296.109	    48.756
 25000.000	 14000.000	   305.998	    48.655
 26000.000	 14000.000	   321.313	    48.558
 27000.000	 14000.000	   332.629	    48.465
 28000.000	 14000.000	   343.946	    48.377
  6000.000	 15000.000	   304.238	    52.184
  7000.000	 15000.000	   305.617	    51.931
  8000.000	 15000.000	   306.997	    51.644
  9000.000	 15000.000	   308.377	    51.334
 10000.000	 15000.000	   309.756	    51.022
 11000.000	 15000.000	   311.136	    50.731
 12000.000	 15000.000	   312.551	    50.472
 13000.000	 15000.000	   312.802	    50.244
 14000.000	 15000.000	   313.054	    50.040
 15000.000	 15000.000	   313.305	    49.852
 16000.000	 15000.000	   313.557	    49.679
 17000.000	 15000.000	   313.808	    49.520
 18000.000	 15000.000	   314.060	    49.375
 19000.000	 15000.000	   312.394	    49.243
 20000.000	 15000.000	   310.280	    49.120
 21000.000	 15000.000	   308.166	    49.004
 22000.000	 15000.000	   306.053	    48.894
 23000.000	 15000.000	   303.939	    48.788
 24000.000	 15000.000	   301.825	    48.687
 25000.000	 15000.000	   306.920	    48.589
 26000.000	 15000.000	   318.236	    48.495
 27000.000	 15000.000	   329.552	    48.407
 28000.000	 15000.000	   340.869	    48.323
 29000.000	 15000.000	   352.185	    48.243
  6000.000	 16000.000	   304.184	    52.374
  7000.000	 16000.000	   303.679	    52.090
  8000.000	 16000.000	   305.058	    51.763
  9000.000	 16000.000	   306.438	    51.409
 10000.000	 16000.000	   307.818	    51.055
 11000.000	 16000.000	   309.273	    50.733
 12000.000	 16000.000	   305.669	    50.457
 13000.000	 16000.000	   313.959	    50.218
 14000.000	 16000.000	   314.211	    50.002
 15000.000	 16000.000	   314.462	    49.801
 16000.000	 16000.000	   314.714	    49.613
 17000.000	 16000.000	   314.965	    49.442
 18000.000	 16000.000	   314.163	    49.289
 19000.000	 16000.000	   311.629	    49.153
 20000.000	 16000.000	   309.241	    49.030
 21000.000	 16000.000	   307.127	    48.917
 22000.000	 16000.000	   305.014	    48.811
 23000.000	 16000.000	   302.900	    48.710
 24000.000	 16000.000	   300.155	    48.613
 25000.000	 16000.000	   302.869	    48.521
 26000.000	 16000.000	   316.776	    48.432
 27000.000	 16000.000	   328.093	    48.349
 28000.000	 16000.000	   339.409	    48.270
 29000.000	 16000.000	   350.725	    48.196
 30000.000	 16000.000	   360.760	    48.127
  6000.000	 17000.000	   302.895	    52.594
  7000.000	 17000.000	   303.013	    52.276
  8000.000	 17000.000	   303.119	    51.903
  9000.000	 17000.000	   304.499	    51.495
 10000.000	 17000.000	   305.174	    51.092
 11000.000	 17000.000	   307.776	    50.739
 12000.000	 17000.000	   308.515	    50.450
 13000.000	 17000.000	   311.235	    50.204
 14000.000	 17000.000	   315.368	    49.975
 15000.000	 17000.000	   315.619	    49.752
 16000.000	 17000.000	   315.871	    49.541
 17000.000	 17000.000	   314.862	    49.351
 18000.000	 17000.000	   312.322	    49.187
 19000.000	 17000.000	   313.048	    49.046
 20000.000	 17000.000	   310.715	    48.924
 21000.000	 17000.000	   306.088	    48.816
 22000.000	 17000.000	   303.975	    48.717
 23000.000	 17000.000	   297.718	    48.624
 24000.000	 17000.000	   297.967	    48.535
 25000.000	 17000.000	   304.567	    48.450
 26000.000	 17000.000	   314.085	    48.369
 27000.000	 17000.000	   326.633	    48.292
 28000.000	 17000.000	   337.950	    48.221
 29000.000	 17000.000	   348.385	    48.154
 30000.000	 17000.000	   357.548	    48.091
  6000.000	 18000.000	   303.737	    52.851
  7000.000	 18000.000	   301.159	    52.499
  8000.000	 18000.000	   301.841	    52.073
  9000.000	 18000.000	   301.075	    51.598
 10000.000	 18000.000	   307.105	    51.135
 11000.000	 18000.000	   303.318	    50.748
 12000.000	 18000.000	   309.443	    50.451
 13000.000	 18000.000	   311.944	    50.202
 14000.000	 18000.000	   316.801	    49.954
 15000.000	 18000.000	   316.776	    49.698
 16000.000	 18000.000	   315.560	    49.453
 17000.000	 18000.000	   314.693	    49.237
 18000.000	 18000.000	   312.915	    49.059
 19000.000	 18000.000	   310.142	    48.915
 20000.000	 18000.000	   313.487	    48.797
 21000.000	 18000.000	   309.801	    48.698
 22000.000	 18000.000	   295.282	    48.610
 23000.000	 18000.000	   294.639	    48.528
 24000.000	 18000.000	   293.211	    48.450
 25000.000	 18000.000	   299.501	    48.376
 26000.000	 18000.000	   312.968	    48.305
 27000.000	 18000.000	   325.301	    48.238
 28000.000	 18000.000	   336.010	    48.175
 29000.000	 18000.000	   346.613	    48.117
 30000.000	 18000.000	   358.573	    48.062
  6000.000	 19000.000	   300.628	    53.155
  7000.000	 19000.000	   299.115	    52.773
  8000.000	 19000.000	   300.762	    52.288
  9000.000	 19000.000	   302.692	    51.728
 10000.000	 19000.000	   303.733	    51.181
 11000.000	 19000.000	   304.107	    50.746
 12000.000	 19000.000	   309.678	    50.440
 13000.000	 19000.000	   313.842	    50.186
 14000.000	 19000.000	   314.499	    49.909
 15000.000	 19000.000	   315.607	    49.606
 16000.000	 19000.000	   316.894	    49.317
 17000.000	 19000.000	   313.762	    49.074
 18000.000	 19000.000	   314.540	    48.886
 19000.000	 19000.000	   313.404	    48.746
 20000.000	 19000.000	   315.761	    48.640
 21000.000	 19000.000	   305.444	    48.556
 22000.000	 19000.000	   301.324	    48.485
 23000.000	 19000.000	   292.137	    48.421
 24000.000	 19000.000	   293.319	    48.358
 25000.000	 19000.000	   298.824	    48.298
 26000.000	 19000.000	   310.776	    48.240
 27000.000	 19000.000	   322.875	    48.185
 28000.000	 19000.000	   332.443	    48.133
 29000.000	 19000.000	   342.784	    48.085
 30000.000	 19000.000	   353.366	    48.040
  6000.000	 20000.000	   297.081	    53.512
  7000.000	 20000.000	   299.094	    53.112
  8000.000	 20000.000	   301.024	    52.561
  9000.000	 20000.000	   302.954	    51.883
 10000.000	 20000.000	   304.883	    51.199
 11000.000	 20000.000	   305.240	    50.664
 12000.000	 20000.000	   310.855	    50.322
 13000.000	 20000.000	   311.817	    50.056
 14000.000	 20000.000	   313.072	    49.746
 15000.000	 20000.000	   314.271	    49.395
 16000.000	 20000.000	   315.471	    49.072
 17000.000	 20000.000	   316.770	    48.821
 18000.000	 20000.000	   313.866	    48.642
 19000.000	 20000.000	   317.150	    48.522
 20000.000	 20000.000	   309.367	    48.442
 21000.000	 20000.000	   305.246	    48.385
 22000.000	 20000.000	   301.125	    48.340
 23000.000	 20000.000	   297.005	    48.299
 24000.000	 20000.000	   289.150	    48.258
 25000.000	 20000.000	   296.288	    48.216
 26000.000	 20000.000	   309.774	    48.174
 27000.000	 20000.000	   319.342	    48.134
 28000.000	 20000.000	   328.909	    48.096
 29000.000	 20000.000	   338.476	    48.061
 30000.000	 20000.000	   348.870	    48.028
  6000.000	 21000.000	   297.426	    53.913
  7000.000	 21000.000	   299.356	    53.510
  8000.000	 21000.000	   301.286	    52.883
  9000.000	 21000.000	   303.216	    52.026
 10000.000	 21000.000	   305.146	    51.086
 11000.000	 21000.000	   307.075	    50.321
 12000.000	 21000.000	   309.136	    49.860
 13000.000	 21000.000	   310.537	    49.573
 14000.000	 21000.000	   311.737	    49.269
 15000.000	 21000.000	   312.936	    48.928
 16000.000	 21000.000	   314.136	    48.631
 17000.000	 21000.000	   315.335	    48.424
 18000.000	 21000.000	   316.646	    48.298
 19000.000	 21000.000	   313.289	    48.229
 20000.000	 21000.000	   309.168	    48.195
 21000.000	 21000.000	   305.048	    48.180
 22000.000	 21000.000	   300.927	    48.171
 23000.000	 21000.000	   296.807	    48.162
 24000.000	 21000.000	   292.686	    48.148
 25000.000	 21000.000	   296.673	    48.129
 26000.000	 21000.000	   306.241	    48.108
 27000.000	 21000.000	   315.808	    48.086
 28000.000	 21000.000	   325.375	    48.065
 29000.000	 21000.000	   334.943	    48.045
 30000.000	 21000.000	   344.510	    48.025
  6000.000	 22000.000	   298.955	    54.325
  7000.000	 22000.000	   299.256	    53.938
  8000.000	 22000.000	   301.186	    53.235
  9000.000	 22000.000	   303.116	    52.124
 10000.000	 22000.000	   305.046	    50.747
 11000.000	 22000.000	   306.975	    49.519
 12000.000	 22000.000	   304.425	    48.781
 13000.000	 22000.000	   310.960	    48.462
 14000.000	 22000.000	   312.159	    48.269
 15000.000	 22000.000	   313.359	    48.078
 16000.000	 22000.000	   314.558	    47.929
 17000.000	 22000.000	   315.758	    47.855
 18000.000	 22000.000	   317.158	    47.841
 19000.000	 22000.000	   315.306	    47.862
 20000.000	 22000.000	   311.185	    47.899
 21000.000	 22000.000	   307.065	    47.940
 22000.000	 22000.000	   302.944	    47.979
 23000.000	 22000.000	   298.823	    48.009
 24000.000	 22000.000	   290.900	    48.028
 25000.000	 22000.000	   290.258	    48.037
 26000.000	 22000.000	   299.613	    48.039
 27000.000	 22000.000	   309.180	    48.039
 28000.000	 22000.000	   318.747	    48.039
 29000.000	 22000.000	   328.315	    48.038
 30000.000	 22000.000	   337.285	    48.034
  6000.000	 23000.000	   296.070	    54.700
  7000.000	 23000.000	   298.189	    54.361
  8000.000	 23000.000	   300.981	    53.621
  9000.000	 23000.000	   302.911	    52.254
 10000.000	 23000.000	   304.840	    50.334
 11000.000	 23000.000	   304.679	    48.445
 12000.000	 23000.000	   302.474	    47.256
 13000.000	 23000.000	   308.981	    46.853
 14000.000	 23000.000	   313.092	    46.842
 15000.000	 23000.000	   314.292	    46.924
 16000.000	 23000.000	   315.491	    47.030
 17000.000	 23000.000	   316.235	    47.162
 18000.000	 23000.000	   316.007	    47.306
 19000.000	 23000.000	   318.279	    47.444
 20000.000	 23000.000	   313.845	    47.568
 21000.000	 23000.000	   309.724	    47.674
 22000.000	 23000.000	   305.604	    47.766
 23000.000	 23000.000	   301.075	    47.841
 24000.000	 23000.000	   295.674	    47.898
 25000.000	 23000.000	   287.412	    47.938
 26000.000	 23000.000	   292.181	    47.969
 27000.000	 23000.000	   301.654	    47.995
 28000.000	 23000.000	   311.221	    48.021
 29000.000	 23000.000	   319.288	    48.043
 30000.000	 23000.000	   332.177	    48.058
  6000.000	 24000.000	   293.009	    54.975
  7000.000	 24000.000	   295.024	    54.710
  8000.000	 24000.000	   297.422	    54.021
  9000.000	 24000.000	   302.705	    52.553
 10000.000	 24000.000	   305.667	    50.263
 11000.000	 24000.000	   301.630	    47.811
 12000.000	 24000.000	   306.578	    46.131
 13000.000	 24000.000	   310.362	    45.513
 14000.000	 24000.000	   313.536	    45.561
 15000.000	 24000.000	   315.225	    45.840
 16000.000	 24000.000	   315.311	    46.164
 17000.000	 24000.000	   321.163	    46.484
 18000.000	 24000.000	   318.632	    46.775
 19000.000	 24000.000	   318.248	    47.024
 20000.000	 24000.000	   316.815	    47.228
 21000.000	 24000.000	   312.384	    47.398
 22000.000	 24000.000	   311.250	    47.541
 23000.000	 24000.000	   313.117	    47.663
 24000.000	 24000.000	   291.939	    47.760
 25000.000	 24000.000	   286.761	    47.834
 26000.000	 24000.000	   287.852	    47.895
 27000.000	 24000.000	   294.103	    47.954
 28000.000	 24000.000	   301.291	    48.012
 29000.000	 24000.000	   310.432	    48.064
 30000.000	 24000.000	   316.118	    48.103
  6000.000	 25000.000	   293.349	    55.073
  7000.000	 25000.000	   294.669	    54.859
  8000.000	 25000.000	   297.911	    54.266
  9000.000	 25000.000	   302.904	    52.908
 10000.000	 25000.000	   302.827	    50.654
 11000.000	 25000.000	   303.684	    48.071
 12000.000	 25000.000	   303.422	    46.098
 13000.000	 25000.000	   313.424	    45.160
 14000.000	 25000.000	   314.734	    45.004
 15000.000	 25000.000	   315.213	    45.224
 16000.000	 25000.000	   315.401	    45.583
 17000.000	 25000.000	   319.906	    45.974
 18000.000	 25000.000	   316.542	    46.341
 19000.000	 25000.000	   315.369	    46.655
 20000.000	 25000.000	   314.452	    46.912
 21000.000	 25000.000	   310.590	    47.126
 22000.000	 25000.000	   310.605	    47.313
 23000.000	 25000.000	   316.505	    47.479
 24000.000	 25000.000	   300.120	    47.616
 25000.000	 25000.000	   291.064	    47.723
 26000.000	 25000.000	   293.176	    47.818
 27000.000	 25000.000	   295.573	    47.916
 28000.000	 25000.000	   295.354	    48.019
 29000.000	 25000.000	   299.171	    48.109
 30000.000	 25000.000	   304.479	    48.175
  6000.000	 26000.000	   292.717	    54.940
  7000.000	 26000.000	   295.273	    54.700
  8000.000	 26000.000	   301.566	    54.153
  9000.000	 26000.000	   304.867	    52.989
 10000.000	 26000.000	   307.313	    51.075
 11000.000	 26000.000	   307.937	    48.793
 12000.000	 26000.000	   308.717	    46.848
 13000.000	 26000.000	   313.230	    45.661
 14000.000	 26000.000	   314.846	    45.174
 15000.000	 26000.000	   312.064	    45.141
 16000.000	 26000.000	   314.762	    45.360
 17000.000	 26000.000	   315.824	    45.694
 18000.000	 26000.000	   315.453	    46.045
 19000.000	 26000.000	   314.614	    46.361
 20000.000	 26000.000	   312.110	    46.626
 21000.000	 26000.000	   307.018	    46.859
 22000.000	 26000.000	   307.615	    47.079
 23000.000	 26000.000	   308.383	    47.289
 24000.000	 26000.000	   312.867	    47.468
 25000.000	 26000.000	   305.634	    47.609
 26000.000	 26000.000	   299.806	    47.741
 27000.000	 26000.000	   291.713	    47.892
 28000.000	 26000.000	   289.663	    48.055
 29000.000	 26000.000	   292.302	    48.195
 30000.000	 26000.000	   302.815	    48.291
  6000.000	 27000.000	   292.636	    54.601
  7000.000	 27000.000	   298.220	    54.270
  8000.000	 27000.000	   303.411	    53.695
  9000.000	 27000.000	   306.830	    52.681
 10000.000	 27000.000	   309.275	    51.148
 11000.000	 27000.000	   311.721	    49.316
 12000.000	 27000.000	   311.725	    47.616
 13000.000	 27000.000	   314.270	    46.369
 14000.000	 27000.000	   311.535	    45.646
 15000.000	 27000.000	   308.915	    45.365
 16000.000	 27000.000	   311.535	    45.395
 17000.000	 27000.000	   314.204	    45.600
 18000.000	 27000.000	   316.248	    45.865
 19000.000	 27000.000	   313.629	    46.120
 20000.000	 27000.000	   308.537	    46.345
 21000.000	 27000.000	   303.445	    46.564
 22000.000	 27000.000	   303.992	    46.807
 23000.000	 27000.000	   305.359	    47.068
 24000.000	 27000.000	   306.162	    47.305
 25000.000	 27000.000	   304.039	    47.498
 26000.000	 27000.000	   295.390	    47.685
 27000.000	 27000.000	   287.316	    47.913
 28000.000	 27000.000	   283.973	    48.156
 29000.000	 27000.000	   286.611	    48.354
 30000.000	 27000.000	   289.250	    48.473
  6000.000	 28000.000	   295.162	    54.141
  7000.000	 28000.000	   300.064	    53.705
  8000.000	 28000.000	   305.255	    53.077
  9000.000	 28000.000	   308.792	    52.151
 10000.000	 28000.000	   311.238	    50.899
 11000.000	 28000.000	   313.684	    49.445
 12000.000	 28000.000	   319.034	    48.029
 13000.000	 28000.000	   310.959	    46.870
 14000.000	 28000.000	   308.224	    46.080
 15000.000	 28000.000	   305.766	    45.663
 16000.000	 28000.000	   308.308	    45.544
 17000.000	 28000.000	   310.977	    45.607
 18000.000	 28000.000	   312.425	    45.739
 19000.000	 28000.000	   310.056	    45.873
 20000.000	 28000.000	   304.965	    45.999
 21000.000	 28000.000	   299.873	    46.162
 22000.000	 28000.000	   300.369	    46.415
 23000.000	 28000.000	   301.736	    46.751
 24000.000	 28000.000	   303.104	    47.100
 25000.000	 28000.000	   299.068	    47.407
 26000.000	 28000.000	   290.993	    47.710
 27000.000	 28000.000	   282.919	    48.055
 28000.000	 28000.000	   278.283	    48.394
 29000.000	 28000.000	   280.921	    48.636
 30000.000	 28000.000	   283.560	    48.752
  6000.000	 29000.000	   294.587	    53.644
  7000.000	 29000.000	   303.884	    53.125
  8000.000	 29000.000	   307.099	    52.455
  9000.000	 29000.000	   310.755	    51.585
 10000.000	 29000.000	   313.201	    50.514
 11000.000	 29000.000	   313.566	    49.319
 12000.000	 29000.000	   317.334	    48.141
 13000.000	 29000.000	   310.655	    47.128
 14000.000	 29000.000	   304.912	    46.382
 15000.000	 29000.000	   302.617	    45.928
 16000.000	 29000.000	   305.081	    45.712
 17000.000	 29000.000	   306.252	    45.637
 18000.000	 29000.000	   303.995	    45.602
 19000.000	 29000.000	   302.882	    45.552
 20000.000	 29000.000	   301.392	    45.504
 21000.000	 29000.000	   296.300	    45.547
 22000.000	 29000.000	   296.745	    45.782
 23000.000	 29000.000	   298.113	    46.226
 24000.000	 29000.000	   296.692	    46.787
 25000.000	 29000.000	   291.679	    47.351
 26000.000	 29000.000	   286.597	    47.895
 27000.000	 29000.000	   278.522	    48.420
 28000.000	 29000.000	   272.593	    48.848
 29000.000	 29000.000	   275.231	    49.090
 30000.000	 29000.000	   271.759	    49.148
  6000.000	 30000.000	   297.909	    53.161
  7000.000	 30000.000	   308.033	    52.589
  8000.000	 30000.000	   312.606	    51.901
  9000.000	 30000.000	   312.718	    51.076
 10000.000	 30000.000	   310.468	    50.126
 11000.000	 30000.000	   313.734	    49.108
 12000.000	 30000.000	   315.596	    48.114
 13000.000	 30000.000	   311.393	    47.246
 14000.000	 30000.000	   302.277	    46.581
 15000.000	 30000.000	   299.468	    46.134
 16000.000	 30000.000	   300.078	    45.853
 17000.000	 30000.000	   299.214	    45.645
 18000.000	 30000.000	   295.552	    45.417
 19000.000	 30000.000	   293.253	    45.126
 20000.000	 30000.000	   295.140	    44.824
 21000.000	 30000.000	   292.728	    44.661
 22000.000	 30000.000	   293.122	    44.817
 23000.000	 30000.000	   292.933	    45.381
 24000.000	 30000.000	   288.640	    46.263
 25000.000	 30000.000	   289.184	    47.267
 26000.000	 30000.000	   283.337	    48.222
 27000.000	 30000.000	   274.125	    49.008
 28000.000	 30000.000	   266.903	    49.513
 29000.000	 30000.000	   261.684	    49.697
 30000.000	 30000.000	   260.666	    49.631
  7000.000	 31000.000	   316.196	    52.120
  8000.000	 31000.000	   316.068	    51.435
  9000.000	 31000.000	   314.433	    50.655
 10000.000	 31000.000	   310.091	    49.798
 11000.000	 31000.000	   314.452	    48.910
 12000.000	 31000.000	   314.516	    48.056
 13000.000	 31000.000	   312.589	    47.310
 14000.000	 31000.000	   302.510	    46.719
 15000.000	 31000.000	   298.009	    46.286
 16000.000	 31000.000	   296.209	    45.955
 17000.000	 31000.000	   295.287	    45.630
 18000.000	 31000.000	   293.003	    45.214
 19000.000	 31000.000	   294.097	    44.668
 20000.000	 31000.000	   288.572	    44.065
 21000.000	 31000.000	   289.059	    43.614
 22000.000	 31000.000	   284.230	    43.594
 23000.000	 31000.000	   282.954	    44.212
 24000.000	 31000.000	   285.882	    45.443
 25000.000	 31000.000	   285.082	    46.999
 26000.000	 31000.000	   282.566	    48.493
 27000.000	 31000.000	   271.246	    49.613
 28000.000	 31000.000	   259.814	    50.204
 29000.000	 31000.000	   252.691	    50.303
 30000.000	 31000.000	   246.906	    50.084
 31000.000	 31000.000	   254.179	    49.739
  7000.000	 32000.000	   314.904	    51.718
  8000.000	 32000.000	   316.680	    51.051
  9000.000	 32000.000	   316.126	    50.320
 10000.000	 32000.000	   315.571	    49.542
 11000.000	 32000.000	   309.677	    48.756
 12000.000	 32000.000	   314.113	    48.010
 13000.000	 32000.000	   309.578	    47.354
 14000.000	 32000.000	   304.562	    46.821
 15000.000	 32000.000	   299.642	    46.402
 16000.000	 32000.000	   294.722	    46.041
 17000.000	 32000.000	   292.942	    45.642
 18000.000	 32000.000	   294.417	    45.108
 19000.000	 32000.000	   291.056	    44.386
 20000.000	 32000.000	   288.117	    43.537
 21000.000	 32000.000	   285.571	    42.779
 22000.000	 32000.000	   283.025	    42.473
 23000.000	 32000.000	   278.022	    42.983
 24000.000	 32000.000	   280.739	    44.414
 25000.000	 32000.000	   278.983	    46.435
 26000.000	 32000.000	   271.078	    48.439
 27000.000	 32000.000	   262.867	    49.896
 28000.000	 32000.000	   258.841	    50.591
 29000.000	 32000.000	   254.267	    50.636
 30000.000	 32000.000	   249.481	    50.308
 31000.000	 32000.000	   250.004	    49.860
  8000.000	 33000.000	   318.374	    50.734
  9000.000	 33000.000	   317.819	    50.053
 10000.000	 33000.000	   317.265	    49.345
 11000.000	 33000.000	   316.710	    48.641
 12000.000	 33000.000	   316.646	    47.978
 13000.000	 33000.000	   311.115	    47.391
 14000.000	 33000.000	   306.195	    46.901
 15000.000	 33000.000	   301.275	    46.499
 16000.000	 33000.000	   296.355	    46.138
 17000.000	 33000.000	   291.434	    45.744
 18000.000	 33000.000	   289.674	    45.228
 19000.000	 33000.000	   287.176	    44.522
 20000.000	 33000.000	   284.630	    43.626
 21000.000	 33000.000	   282.084	    42.684
 22000.000	 33000.000	   279.538	    42.055
 23000.000	 33000.000	   276.991	    42.239
 24000.000	 33000.000	   271.813	    43.530
 25000.000	 33000.000	   270.910	    45.661
 26000.000	 33000.000	   265.534	    47.905
 27000.000	 33000.000	   261.508	    49.567
 28000.000	 33000.000	   257.482	    50.363
 29000.000	 33000.000	   253.456	    50.439
 30000.000	 33000.000	   248.719	    50.119
 31000.000	 33000.000	   245.298	    49.680
  8000.000	 34000.000	   318.862	    50.466
  9000.000	 34000.000	   318.307	    49.832
 10000.000	 34000.000	   317.753	    49.185
 11000.000	 34000.000	   317.198	    48.549
 12000.000	 34000.000	   314.590	    47.951
 13000.000	 34000.000	   310.676	    47.416
 14000.000	 34000.000	   305.756	    46.960
 15000.000	 34000.000	   300.836	    46.577
 16000.000	 34000.000	   295.916	    46.245
 17000.000	 34000.000	   290.995	    45.931
 18000.000	 34000.000	   287.366	    45.591
 19000.000	 34000.000	   285.318	    45.142
 20000.000	 34000.000	   282.772	    44.488
 21000.000	 34000.000	   280.226	    43.619
 22000.000	 34000.000	   277.680	    42.771
 23000.000	 34000.000	   275.134	    42.479
 24000.000	 34000.000	   272.587	    43.223
 25000.000	 34000.000	   270.019	    44.933
 26000.000	 34000.000	   265.993	    46.962
 27000.000	 34000.000	   261.967	    48.581
 28000.000	 34000.000	   257.941	    49.442
 29000.000	 34000.000	   253.915	    49.642
 30000.000	 34000.000	   249.889	    49.470
 31000.000	 34000.000	   246.919	    49.170
  9000.000	 35000.000	   315.618	    49.642
 10000.000	 35000.000	   315.063	    49.047
 11000.000	 35000.000	   315.581	    48.466
 12000.000	 35000.000	   314.682	    47.919
 13000.000	 35000.000	   303.133	    47.425
 14000.000	 35000.000	   299.854	    46.993
 15000.000	 35000.000	   294.934	    46.626
 16000.000	 35000.000	   290.014	    46.329
 17000.000	 35000.000	   286.297	    46.135
 18000.000	 35000.000	   284.057	    46.064
 19000.000	 35000.000	   284.205	    46.039
 20000.000	 35000.000	   285.211	    45.852
 21000.000	 35000.000	   282.665	    45.300
 22000.000	 35000.000	   280.119	    44.424
 23000.000	 35000.000	   277.572	    43.668
 24000.000	 35000.000	   271.636	    43.625
 25000.000	 35000.000	   269.805	    44.501
 26000.000	 35000.000	   271.242	    45.909
 27000.000	 35000.000	   267.216	    47.227
 28000.000	 35000.000	   263.190	    48.072
 29000.000	 35000.000	   259.164	    48.434
 30000.000	 35000.000	   247.877	    48.489
 31000.000	 35000.000	   245.807	    48.411
  9000.000	 36000.000	   312.928	    49.471
 10000.000	 36000.000	   314.104	    48.920
 11000.000	 36000.000	   309.688	    48.385
 12000.000	 36000.000	   308.471	    47.880
 13000.000	 36000.000	   300.303	    47.417
 14000.000	 36000.000	   291.676	    47.005
 15000.000	 36000.000	   289.032	    46.653
 16000.000	 36000.000	   285.229	    46.393
 17000.000	 36000.000	   281.954	    46.312
 18000.000	 36000.000	   272.708	    46.499
 19000.000	 36000.000	   278.079	    46.891
 20000.000	 36000.000	   283.777	    47.193
 21000.000	 36000.000	   285.104	    47.034
 22000.000	 36000.000	   282.557	    46.275
 23000.000	 36000.000	   278.743	    45.219
 24000.000	 36000.000	   279.391	    44.467
 25000.000	 36000.000	   272.470	    44.447
 26000.000	 36000.000	   273.536	    45.083
 27000.000	 36000.000	   272.465	    45.948
 28000.000	 36000.000	   268.439	    46.674
 29000.000	 36000.000	   256.625	    47.143
 30000.000	 36000.000	   246.800	    47.408
 31000.000	 36000.000	   248.170	    47.558
  9000.000	 37000.000	   309.245	    49.314
 10000.000	 37000.000	   307.204	    48.800
 11000.000	 37000.000	   301.921	    48.305
 12000.000	 37000.000	   307.247	    47.837
 13000.000	 37000.000	   299.754	    47.406
 14000.000	 37000.000	   285.922	    47.020
 15000.000	 37000.000	   283.390	    46.695
 16000.000	 37000.000	   284.161	    46.481
 17000.000	 37000.000	   275.094	    46.490
 18000.000	 37000.000	   270.584	    46.841
 19000.000	 37000.000	   263.816	    47.485
 20000.000	 37000.000	   275.443	    48.096
 21000.000	 37000.000	   284.252	    48.224
 22000.000	 37000.000	   283.701	    47.628
 23000.000	 37000.000	   291.310	    46.481
 24000.000	 37000.000	   283.159	    45.314
 25000.000	 37000.000	   281.053	    44.646
 26000.000	 37000.000	   268.788	    44.625
 27000.000	 37000.000	   280.000	    45.029
 28000.000	 37000.000	   271.235	    45.557
 29000.000	 37000.000	   260.047	    46.040
 30000.000	 37000.000	   257.707	    46.438
 31000.000	 37000.000	   274.454	    46.765
 10000.000	 38000.000	   298.432	    48.686
 11000.000	 38000.000	   292.123	    48.228
 12000.000	 38000.000	   295.492	    47.797
 13000.000	 38000.000	   281.001	    47.401
 14000.000	 38000.000	   281.372	    47.051
 15000.000	 38000.000	   283.108	    46.769
 16000.000	 38000.000	   284.844	    46.611
 17000.000	 38000.000	   283.198	    46.679
 18000.000	 38000.000	   268.366	    47.077
 19000.000	 38000.000	   277.113	    47.761
 20000.000	 38000.000	   287.794	    48.435
 21000.000	 38000.000	   288.705	    48.675
 22000.000	 38000.000	   290.823	    48.211
 23000.000	 38000.000	   291.537	    47.132
 24000.000	 38000.000	   297.487	    45.861
 25000.000	 38000.000	   286.107	    44.886
 26000.000	 38000.000	   288.405	    44.456
 27000.000	 38000.000	   285.263	    44.503
 28000.000	 38000.000	   286.751	    44.823
 29000.000	 38000.000	   288.844	    45.253
 30000.000	 38000.000	   297.600	    45.706
 31000.000	 38000.000	   311.605	    46.142
 10000.000	 39000.000	   294.740	    48.573
 11000.000	 39000.000	   287.620	    48.153
 12000.000	 39000.000	   276.080	    47.759
 13000.000	 39000.000	   279.354	    47.401
 14000.000	 39000.000	   281.090	    47.091
 15000.000	 39000.000	   282.826	    46.857
 16000.000	 39000.000	   284.562	    46.745
 17000.000	 39000.000	   286.298	    46.832
 18000.000	 39000.000	   282.235	    47.184
 19000.000	 39000.000	   291.335	    47.757
 20000.000	 39000.000	   289.284	    48.317
 21000.000	 39000.000	   291.403	    48.523
 22000.000	 39000.000	   293.521	    48.139
 23000.000	 39000.000	   295.640	    47.207
 24000.000	 39000.000	   299.373	    46.038
 25000.000	 39000.000	   296.810	    45.031
 26000.000	 39000.000	   293.842	    44.438
 27000.000	 39000.000	   295.329	    44.279
 28000.000	 39000.000	   296.817	    44.440
 29000.000	 39000.000	   298.305	    44.797
 30000.000	 39000.000	   306.452	    45.253
 31000.000	 39000.000	   308.035	    45.738
 11000.000	 40000.000	   284.035	    48.074
 12000.000	 40000.000	   277.549	    47.717
 13000.000	 40000.000	   279.285	    47.395
 14000.000	 40000.000	   281.021	    47.124
 15000.000	 40000.000	   282.757	    46.927
 16000.000	 40000.000	   284.493	    46.840
 17000.000	 40000.000	   286.229	    46.911
 18000.000	 40000.000	   287.965	    47.170
 19000.000	 40000.000	   290.300	    47.571
 20000.000	 40000.000	   292.419	    47.945
 21000.000	 40000.000	   294.537	    48.046
 22000.000	 40000.000	   296.656	    47.702
 23000.000	 40000.000	   298.774	    46.934
 24000.000	 40000.000	   300.893	    45.962
 25000.000	 40000.000	   302.232	    45.079
 26000.000	 40000.000	   303.720	    44.494
 27000.000	 40000.000	   305.208	    44.262
 28000.000	 40000.000	   306.696	    44.335
 29000.000	 40000.000	   308.184	    44.629
 30000.000	 40000.000	   309.671	    45.059
 31000.000	 40000.000	   306.657	    45.546
 11000.000	 41000.000	   281.592	    47.989
 12000.000	 41000.000	   284.082	    47.664
 13000.000	 41000.000	   287.545	    47.375
 14000.000	 41000.000	   289.281	    47.135
 15000.000	 41000.000	   291.017	    46.961
 16000.000	 41000.000	   292.753	    46.879
 17000.000	 41000.000	   294.489	    46.914
 18000.000	 41000.000	   301.062	    47.072
 19000.000	 41000.000	   305.315	    47.308
 20000.000	 41000.000	   312.584	    47.503
 21000.000	 41000.000	   314.703	    47.496
 22000.000	 41000.000	   316.821	    47.175
 23000.000	 41000.000	   318.940	    46.559
 24000.000	 41000.000	   310.089	    45.799
 25000.000	 41000.000	   302.036	    45.094
 26000.000	 41000.000	   306.298	    44.601
 27000.000	 41000.000	   307.786	    44.381
 28000.000	 41000.000	   309.273	    44.422
 29000.000	 41000.000	   310.761	    44.672
 30000.000	 41000.000	   310.566	    45.063
 31000.000	 41000.000	   312.319	    45.520
 12000.000	 42000.000	   313.685	    47.596
 13000.000	 42000.000	   299.724	    47.333
 14000.000	 42000.000	   297.540	    47.115
 15000.000	 42000.000	   299.276	    46.955
 16000.000	 42000.000	   301.012	    46.867
 17000.000	 42000.000	   302.830	    46.860
 18000.000	 42000.000	   300.893	    46.931
 19000.000	 42000.000	   313.372	    47.037
 20000.000	 42000.000	   333.599	    47.100
 21000.000	 42000.000	   334.869	    47.016
 22000.000	 42000.000	   336.987	    46.722
 23000.000	 42000.000	   333.601	    46.237
 24000.000	 42000.000	   289.417	    45.661
 25000.000	 42000.000	   281.301	    45.128
 26000.000	 42000.000	   302.246	    44.749
 27000.000	 42000.000	   310.363	    44.578
 28000.000	 42000.000	   311.851	    44.619
 29000.000	 42000.000	   308.558	    44.840
 30000.000	 42000.000	   313.365	    45.186
 31000.000	 42000.000	   291.082	    45.596
 12000.000	 43000.000	   304.161	    47.511
 13000.000	 43000.000	   330.917	    47.270
 14000.000	 43000.000	   315.366	    47.067
 15000.000	 43000.000	   307.536	    46.913
 16000.000	 43000.000	   304.598	    46.813
 17000.000	 43000.000	   299.461	    46.771
 18000.000	 43000.000	   316.919	    46.775
 19000.000	 43000.000	   323.532	    46.793
 20000.000	 43000.000	   333.714	    46.771
 21000.000	 43000.000	   361.883	    46.649
 22000.000	 43000.000	   357.114	    46.390
 23000.000	 43000.000	   306.948	    46.013
 24000.000	 43000.000	   284.410	    45.584
 25000.000	 43000.000	   292.280	    45.193
 26000.000	 43000.000	   281.807	    44.918
 27000.000	 43000.000	   302.457	    44.802
 28000.000	 43000.000	   306.550	    44.855
 29000.000	 43000.000	   280.623	    45.054
 30000.000	 43000.000	   288.028	    45.356
 31000.000	 43000.000	   275.875	    45.711
 13000.000	 44000.000	   313.609	    47.185
 14000.000	 44000.000	   302.836	    46.994
 15000.000	 44000.000	   308.767	    46.842
 16000.000	 44000.000	   306.695	    46.732
 17000.000	 44000.000	   297.785	    46.661
 18000.000	 44000.000	   318.191	    46.620
 19000.000	 44000.000	   309.290	    46.583
 20000.000	 44000.000	   341.816	    46.516
 21000.000	 44000.000	   340.412	    46.381
 22000.000	 44000.000	   337.064	    46.162
 23000.000	 44000.000	   322.785	    45.872
 24000.000	 44000.000	   291.887	    45.556
 25000.000	 44000.000	   283.659	    45.274
 26000.000	 44000.000	   292.830	    45.082
 27000.000	 44000.000	   306.186	    45.014
 28000.000	 44000.000	   309.474	    45.078
 29000.000	 44000.000	   304.584	    45.257
 30000.000	 44000.000	   270.896	    45.516
 31000.000	 44000.000	   272.889	    45.816
 13000.000	 45000.000	   302.895	    47.081
 14000.000	 45000.000	   310.455	    46.899
 15000.000	 45000.000	   308.896	    46.749
 16000.000	 45000.000	   307.338	    46.631
 17000.000	 45000.000	   305.521	    46.542
 18000.000	 45000.000	   293.952	    46.472
 19000.000	 45000.000	   322.571	    46.404
 20000.000	 45000.000	   323.222	    46.315
 21000.000	 45000.000	   319.874	    46.185
 22000.000	 45000.000	   316.526	    46.003
 23000.000	 45000.000	   313.178	    45.781
 24000.000	 45000.000	   296.179	    45.549
 25000.000	 45000.000	   286.654	    45.348
 26000.000	 45000.000	   296.282	    45.218
 27000.000	 45000.000	   299.569	    45.185
 28000.000	 45000.000	   302.857	    45.255
 29000.000	 45000.000	   306.144	    45.413
 30000.000	 45000.000	   297.076	    45.633
 31000.000	 45000.000	   282.503	    45.882
 14000.000	 46000.000	   310.584	    46.787
 15000.000	 46000.000	   309.026	    46.639
 16000.000	 46000.000	   307.467	    46.517
 17000.000	 46000.000	   305.909	    46.417
 18000.000	 46000.000	   304.348	    46.331
 19000.000	 46000.000	   306.032	    46.247
 20000.000	 46000.000	   302.684	    46.151
 21000.000	 46000.000	   299.336	    46.031
 22000.000	 46000.000	   295.988	    45.882
 23000.000	 46000.000	   292.640	    45.712
 24000.000	 46000.000	   289.292	    45.542
 25000.000	 46000.000	   286.378	    45.400
 26000.000	 46000.000	   289.665	    45.314
 27000.000	 46000.000	   292.952	    45.303
